0
design_1371586674077
600,400
9
0,0,0,0,0,0,0,0,0,0,0,0,0,1,0,1,background
3,1,4,1,-1,0.128,25,218,50,1,0,0,0,0,0,1,0,1,undefined
10,2,4,0,-1,1.11,197,35,142,-1,0,0,0,0,0,1,0,1,kick.png
11,2,4,0,-1,2.12,333,36,142,-1,0,0,0,0,0,1,0,1,dragon.png
5,1,3,1,-1,0.088,27,184,33,1,0,0,0,0,0,1,0,1,undefined
4,1,2,2,-1,0.242,23,116,39,0,0,1,0,0,0,1,0,1,undefined
9,1,1,5,-1,0.214,19,294,85,0,0,0,1,1,0,1,0,1,undefined
6,1,0,2,6,0.27,421,317,38,1,0,1,0,0,0,1,0,1,undefined
7,1,0,1,6,0.171,435,360,21,1,0,0,0,0,0,1,0,1,undefined
8,1,0,1,-1,0.116,412,288,19,1,0,0,0,0,0,1,0,1,undefined
2 overlap regions
10,0,1,0,1
11,0,1,0,1
6 alternates
3,2,1,0.128,11,2,0.434,6,
4,8,1,0.064,41,2,0.242,22,3,0.555,14,4,0.76,12,5,1.404,9,6,1.561,9,7,1.965,9,8,2.082,8,
5,3,1,0.088,27,2,0.293,15,3,0.704,11,
6,3,1,0.084,28,2,0.27,17,3,0.61,10,
7,1,1,0.171,14,
8,1,1,0.116,18,
