15
design_1371087979115-2
600,400
5
0,0,0,0,0,0,0,0,0,0,0,0,0,1,0,1,background
1,2,3,0,-1,1.701,373,25,358,-1,0,0,0,0,0,1,0,1,artshow1.png
2,1,3,1,-1,0.158,35,138,48,0,0,0,0,0,0,1,0,1,undefined
3,1,3,1,-1,0.301,92,46,56,1,0,0,0,0,0,1,0,1,undefined
4,1,1,1,-1,0.102,35,214,31,1,0,0,0,0,0,1,0,1,undefined
5,1,0,3,-1,0.461,96,273,83,1,0,2,0,0,0,1,0,1,undefined
1 overlap regions
1,0,1,0,1
4 alternates
2,2,1,0.158,15,2,0.538,8,
3,1,1,0.301,9,
4,6,1,0.102,25,2,0.318,15,3,0.914,9,4,0.96,10,5,1.811,6,6,2.173,6,
5,6,1,0.07,34,2,0.239,19,3,0.461,15,4,0.824,11,5,1.524,7,6,1.829,7,
