design_1374077978572
600,400
7
0,0,0,0,0,0,0,0,0,0,0,0,0,1,0,1,background
5,2,4,0,-1,0.669,79,34,138,-1,0.25,0,0,0,1,0,1,328183314_52924747ce_b.jpg
7,2,4,0,-1,0.668,312,34,138,-1,0.25,0,0,0,1,0,1,5171927988_346ff2bda8_b.jpg
1,1,3,1,-1,0.098,173,184,25,-1,0.25,0,0,0,1,0,1,undefined
6,1,3,2,-1,0.182,186,217,42,-1,0.54,1,0,0,1,0,1,undefined
3,1,2,1,-1,0.102,190,270,22,-1,0.54,0,0,0,1,0,1,undefined
2,1,1,5,-1,0.226,167,306,61,-1,0.63,4,0,0,1,0,1,undefined
4,1,0,1,-1,0.12,243,380,13,-1,0.89,0,0,0,1,0,1,undefined
2 overlap regions
5,0,1,0,1
7,0,1,0,1
5 alternates
1,2,1,0.098,22,2,0.33,12,
2,8,1,0.009,283,2,0.037,143,3,0.079,98,4,0.148,71,5,0.226,57,6,0.294,50,7,0.426,42,8,0.511,40,
3,3,1,0.102,24,2,0.275,18,3,0.673,11,
4,1,1,0.12,19,
6,8,1,0.045,56,2,0.182,29,3,0.277,26,4,0.588,18,5,0.882,13,6,1.471,10,7,1.692,10,8,2.069,10,
